box5x5_salt_01: 8.60037010007
median5x5_salt_01: 12.1838006325
